112  
10   

1    
  0.0100000000000000   0.0000000000000000   0.0000000000000000
  -0.0070678400   -0.0004253700    0.0000000000
   0.0102838600   -0.0000585900    0.0000000000
   0.0005075800   -0.0056049900    0.0000000000
   0.0004376000    0.0057217300    0.0000000000
  -0.0002591300   -0.0000013200    0.0000000000
   0.0002565100   -0.0000005000    0.0000000000
  -0.0000005700   -0.0001473700    0.0000000000
   0.0000008800    0.0001487800    0.0000000000
  -0.0004694400    0.0001568000    0.0000203600
   0.0000541500   -0.0000134000   -0.0000018000
  -0.0002111200   -0.0001348400   -0.0008855600
  -0.0004654800    0.0000163000    0.0009284000
  -0.0004694400    0.0001568000   -0.0000203600
   0.0000541500   -0.0000134000    0.0000018000
  -0.0002111200   -0.0001348400    0.0008855600
  -0.0004654800    0.0000163000   -0.0009284000
  -0.0000930200   -0.0002876200    0.0019187700
  -0.0000168300    0.0003123200   -0.0019533100
  -0.0005742800   -0.0000377100   -0.0000234900
   0.0005902300    0.0000101200    0.0000582400
  -0.0000930200   -0.0002876200   -0.0019187700
  -0.0000168300    0.0003123200    0.0019533100
  -0.0005742800   -0.0000377100    0.0000234900
   0.0005902300    0.0000101200   -0.0000582400
  -0.0231488900    0.0002743300    0.0000000000
   0.0021401100   -0.0000175000    0.0000000000
   0.0058215000   -0.0156536200    0.0000000000
   0.0047014100    0.0171912800    0.0000000000
  -0.0005342500    0.0000124700    0.0000000000
   0.0005286600   -0.0000020100    0.0000000000
   0.0000043300   -0.0003068500    0.0000000000
  -0.0000203900    0.0003001400    0.0000000000
   0.0002475000   -0.0004374000   -0.0011357500
   0.0002643000    0.0004317800   -0.0011084100
  -0.0004959700   -0.0000095700   -0.0011344800
   0.0003778000    0.0000024100   -0.0011635400
   0.0000565300   -0.0000863300   -0.0002496500
   0.0000534400    0.0000811900   -0.0020454900
  -0.0000896200    0.0000028000   -0.0011602800
   0.0000673800   -0.0000007200   -0.0011393000
   0.0106509900    0.0002142500   -0.0010196700
  -0.0022929300    0.0000060300    0.0012347000
  -0.0000624200    0.0012785500    0.0010809500
  -0.0000441500   -0.0013073200    0.0013030600
  -0.0000445800   -0.0000009200    0.0011695800
   0.0000456200    0.0000005900    0.0011617100
  -0.0000005000   -0.0000261900    0.0012231300
   0.0000017800    0.0000258300    0.0011043800
   0.0007440300   -0.0001704700    0.0003238400
   0.0004565500   -0.0003572600   -0.0004146700
   0.0004282000   -0.0000638200    0.0000137800
   0.0001517000   -0.0002255900   -0.0000490500
   0.0007440300   -0.0001704700   -0.0003238400
   0.0004565500   -0.0003572600    0.0004146700
   0.0004282000   -0.0000638200   -0.0000137800
   0.0001517000   -0.0002255900    0.0000490500
   0.0106509900    0.0002142500    0.0010196700
  -0.0022929300    0.0000060300   -0.0012347000
  -0.0000624200    0.0012785500   -0.0010809500
  -0.0000441500   -0.0013073200   -0.0013030600
  -0.0000445800   -0.0000009200   -0.0011695800
   0.0000456200    0.0000005900   -0.0011617100
  -0.0000005000   -0.0000261900   -0.0012231300
   0.0000017800    0.0000258300   -0.0011043800
   0.0004449300    0.0001607800    0.0000422700
  -0.0002405000    0.0002838400   -0.0000063000
   0.0000607100    0.0001545000    0.0004073200
   0.0001040700    0.0004766100   -0.0004275400
   0.0004449300    0.0001607800   -0.0000422700
  -0.0002405000    0.0002838400    0.0000063000
   0.0000607100    0.0001545000   -0.0004073200
   0.0001040700    0.0004766100    0.0004275400
  -0.0012621800    0.0006330600    0.0000000000
   0.0066567100   -0.0069281400    0.0000000000
  -0.0013334800   -0.0046858300    0.0000000000
  -0.0066248800    0.0069374200    0.0000000000
  -0.0005211100    0.0002618000    0.0000000000
   0.0000530300    0.0000071200    0.0000000000
  -0.0001774300    0.0000656600    0.0000000000
  -0.0002897600    0.0002062100    0.0000000000
   0.0070956000    0.0069606300    0.0000000000
  -0.0007906100   -0.0003350500    0.0000000000
  -0.0014951800    0.0047777200    0.0000000000
  -0.0060341200   -0.0072423100    0.0000000000
   0.0005220800    0.0002601500    0.0000000000
  -0.0000456400    0.0000176300    0.0000000000
   0.0002815300    0.0002086200    0.0000000000
   0.0002019800    0.0000785800    0.0000000000
   0.0004313400   -0.0000057400   -0.0002559600
  -0.0001389800    0.0000576700    0.0003718800
  -0.0003149800   -0.0000421700    0.0000433600
  -0.0001055200   -0.0002992700   -0.0000348200
   0.0004313400   -0.0000057400    0.0002559600
  -0.0001389800    0.0000576700   -0.0003718800
  -0.0003149800   -0.0000421700   -0.0000433600
  -0.0001055200   -0.0002992700    0.0000348200
   0.0000565300   -0.0000863300    0.0002496500
   0.0000534400    0.0000811900    0.0020454900
  -0.0000896200    0.0000028000    0.0011602800
   0.0000673800   -0.0000007200    0.0011393000
   0.0002475000   -0.0004374000    0.0011357500
   0.0002643000    0.0004317800    0.0011084100
  -0.0004959700   -0.0000095700    0.0011344800
   0.0003778000    0.0000024100    0.0011635400
  -0.0075453000   -0.0089525100    0.0000000000
  -0.0072282000    0.0076423800    0.0000000000
  -0.0001881000   -0.0002528000    0.0000000000
   0.0059404300   -0.0003130800    0.0000000000
   0.0000019000   -0.0005053400    0.0000000000
  -0.0000054100   -0.0000443900    0.0000000000
  -0.0000718500   -0.0002752700    0.0000000000
   0.0000667700   -0.0002849300    0.0000000000

1    
  0.0000000000000000   0.0000000000000000   0.0100000000000000
   0.0000000000    0.0000000000   -2.2047387200
   0.0000000000   -0.0000004800   -0.0027625800
   0.0000004100    0.0000002400   -0.0027625800
  -0.0000004100    0.0000002400   -0.0027625800
   0.0000000000    0.0000000000    0.0035945900
   0.0000000000    0.0000001400    0.0024567800
  -0.0000001200   -0.0000000700    0.0024567800
   0.0000001200   -0.0000000700    0.0024567800
   0.0000000000   -0.0076350400   -0.0004210500
   0.0000000000    0.0000000000   -0.0000109400
  -0.0066121400    0.0038175200   -0.0004210500
   0.0066121400    0.0038175200   -0.0004210500
   0.0000000000    0.0076306100   -0.0004177500
   0.0000000000    0.0000000000   -0.0000109200
   0.0066083000   -0.0038153000   -0.0004177500
  -0.0066083000   -0.0038153000   -0.0004177500
   0.0019441600   -0.0011224600    0.0041332300
  -0.0019441600   -0.0011224600    0.0041332300
   0.0000000000    0.0022449200    0.0041332300
   0.0000000000    0.0000000000    0.0002056800
  -0.0019413900    0.0011208600    0.0041052700
   0.0019413900    0.0011208600    0.0041052700
   0.0000000000   -0.0022417200    0.0041052700
   0.0000000000    0.0000000000    0.0002003500
   0.0000000000   -0.0000018100   -0.0005438400
   0.0000000000    0.0000000000    0.0002412000
  -0.0000015700    0.0000009000   -0.0005438400
   0.0000015700    0.0000009000   -0.0005438400
   0.0000000000   -0.0000017100    0.0001403700
   0.0000000000    0.0000000000   -0.0001719500
  -0.0000014800    0.0000008500    0.0001403700
   0.0000014800    0.0000008500    0.0001403700
   0.0004425200   -0.0002554900   -0.0039224800
  -0.0004425200   -0.0002554900   -0.0039224800
   0.0000000000    0.0005109700   -0.0039224800
   0.0000000000    0.0000000000   -0.0016997100
   0.0001406100   -0.0000811800   -0.0012547000
  -0.0001406100   -0.0000811800   -0.0012547000
   0.0000000000    0.0001623600   -0.0012547000
   0.0000000000    0.0000000000   -0.0007629700
   0.0000000000    0.0000000000    1.1369812800
   0.0000000000    0.0000092000    0.0019299000
  -0.0000079600   -0.0000046000    0.0019299000
   0.0000079600   -0.0000046000    0.0019299000
   0.0000000000    0.0000000000    0.0003305400
   0.0000000000    0.0000259700    0.0005297600
  -0.0000224900   -0.0000129900    0.0005297600
   0.0000224900   -0.0000129900    0.0005297600
   0.0042000500   -0.0024249000   -0.0027608200
  -0.0024061600    0.0002008200    0.0002547400
  -0.0013770000    0.0019833800    0.0002547400
   0.0001642600   -0.0000948300   -0.0000268100
  -0.0036990200    0.0021356300   -0.0027615900
   0.0028756800   -0.0004713700    0.0002548900
   0.0018460500   -0.0022547300    0.0002548900
   0.0003089300   -0.0001783600   -0.0000261600
   0.0000000000    0.0000000000    1.0408828000
   0.0000000000   -0.0000079700   -0.0004053800
   0.0000069000    0.0000039900   -0.0004053800
  -0.0000069000    0.0000039900   -0.0004053800
   0.0000000000    0.0000000000   -0.0019973000
   0.0000000000   -0.0000252900   -0.0018001800
   0.0000219000    0.0000126400   -0.0018001800
  -0.0000219000    0.0000126400   -0.0018001800
   0.0000000000    0.0048498100   -0.0027608200
   0.0000000000    0.0001896700   -0.0000268100
   0.0010291600   -0.0021842100    0.0002547400
  -0.0010291600   -0.0021842100    0.0002547400
   0.0000000000   -0.0042712600   -0.0027615900
   0.0000000000    0.0003567200   -0.0000261600
  -0.0010296200    0.0027260900    0.0002548900
   0.0010296200    0.0027260900    0.0002548900
  -0.0002376600    0.0001372200    0.0003390900
  -0.0002585100    0.0001533200    0.0075179600
  -0.0002620300    0.0001472200    0.0075179600
  -0.0002332200    0.0001346500   -0.0021275400
  -0.0002371500    0.0001369200   -0.0003390500
  -0.0002376600    0.0001377400   -0.0005136500
  -0.0002381200    0.0001369500   -0.0005136500
  -0.0002366200    0.0001366100   -0.0003538900
   0.0002585100    0.0001533200    0.0075179600
   0.0002376600    0.0001372200    0.0003390900
   0.0002620300    0.0001472200    0.0075179600
   0.0002332200    0.0001346500   -0.0021275400
   0.0002376600    0.0001377400   -0.0005136500
   0.0002371500    0.0001369200   -0.0003390500
   0.0002381200    0.0001369500   -0.0005136500
   0.0002366200    0.0001366100   -0.0003538900
  -0.0042000500   -0.0024249000   -0.0027608200
   0.0024061600    0.0002008200    0.0002547400
  -0.0001642600   -0.0000948300   -0.0000268100
   0.0013770000    0.0019833800    0.0002547400
   0.0036990200    0.0021356300   -0.0027615900
  -0.0028756800   -0.0004713700    0.0002548900
  -0.0003089300   -0.0001783600   -0.0000261600
  -0.0018460500   -0.0022547300    0.0002548900
  -0.0001381300    0.0000797500    0.0010804700
   0.0001381300    0.0000797500    0.0010804700
   0.0000000000   -0.0001595000    0.0010804700
   0.0000000000    0.0000000000    0.0015636000
  -0.0004442100    0.0002564700   -0.0015654200
   0.0004442100    0.0002564700   -0.0015654200
   0.0000000000   -0.0005129300   -0.0015654200
   0.0000000000    0.0000000000    0.0006319600
  -0.0000035200   -0.0003005300    0.0075179600
   0.0000035200   -0.0003005300    0.0075179600
   0.0000000000   -0.0002744300    0.0003390900
   0.0000000000   -0.0002693000   -0.0021275400
  -0.0000004600   -0.0002746900   -0.0005136500
   0.0000004600   -0.0002746900   -0.0005136500
   0.0000000000   -0.0002738400   -0.0003390500
   0.0000000000   -0.0002732300   -0.0003538900

9    
  0.0100000000000000   0.0000000000000000   0.0000000000000000
  -0.0004691300    0.0000163500   -0.0000076300
   0.0000518000    0.0000060100    0.0000007900
  -0.0003121000   -0.0000926500   -0.0066498400
  -0.0003670800    0.0000569800    0.0065726500
  -0.0004691300    0.0000163500    0.0000076300
   0.0000518000    0.0000060100   -0.0000007900
  -0.0003121000   -0.0000926500    0.0066498400
  -0.0003670800    0.0000569800   -0.0065726500
  -0.7039676100    0.0146365300    0.0000000000
   0.0087618700    0.0000449100    0.0000000000
  -0.0014835200   -0.0059079800    0.0000000000
  -0.0014410000    0.0058971900    0.0000000000
  -0.0021322700   -0.0000039500    0.0000000000
   0.0018173600   -0.0000046200    0.0000000000
   0.0000040200   -0.0010449300    0.0000000000
   0.0000017100    0.0010502100    0.0000000000
   0.0051279600    0.0163684000    0.0000000000
   0.0054071500   -0.0164529300    0.0000000000
   0.0021409200   -0.0000168200    0.0000000000
  -0.0231553100    0.0007613000    0.0000000000
  -0.0000059100    0.0003056400    0.0000000000
  -0.0000064600   -0.0003051400    0.0000000000
   0.0005332500    0.0000001000    0.0000000000
  -0.0005351400   -0.0000003200    0.0000000000
  -0.0115919100    0.0000009100   -0.0000140600
   0.0032740200   -0.0000096000   -0.0000008800
   0.0000345000   -0.0018519800   -0.0002079000
   0.0000492800    0.0018797600    0.0002054000
  -0.0115919100    0.0000009100    0.0000140600
   0.0032740200   -0.0000096000    0.0000008800
   0.0000345000   -0.0018519800    0.0002079000
   0.0000492800    0.0018797600   -0.0002054000
   0.0013397300   -0.0028263400   -0.0069258200
   0.0011327200    0.0029566300    0.0041439200
  -0.0002655000    0.0000032000   -0.0011674800
   0.0062443600   -0.0003901100   -0.0016102500
   0.0000211600    0.0000264500   -0.0011565800
   0.0000202500   -0.0000258800   -0.0011672400
   0.0000269300    0.0000000600   -0.0011628000
  -0.0000246200   -0.0000004400   -0.0011624700
   0.0000668400   -0.0000030600    0.0011885400
   0.0000718500    0.0000021100    0.0011632600
   0.0017388000   -0.0009693600    0.0013815000
   0.0017781600    0.0009839100    0.0011123600
   0.0002260300   -0.0000061300    0.0011808800
  -0.0000025300   -0.0000003700    0.0011646000
   0.0007674000   -0.0003154800   -0.0019296300
   0.0007968200    0.0003264800    0.0043429300
  -0.0003718600    0.0021476500    0.0000000000
   0.0015300100   -0.0023757500    0.0000000000
   0.3047951100   -0.1108437300    0.0000000000
  -0.0055842200    0.0012156300    0.0000000000
   0.0000294200    0.0001716600    0.0000000000
   0.0004400400   -0.0004439900    0.0000000000
   0.0013889400   -0.0005882500    0.0000000000
  -0.0007685300    0.0002536700    0.0000000000
   0.0002260300   -0.0000061300   -0.0011808800
  -0.0000025300   -0.0000003700   -0.0011646000
   0.0007674000   -0.0003154800    0.0019296300
   0.0007968200    0.0003264800   -0.0043429300
   0.0000668400   -0.0000030600   -0.0011885400
   0.0000718500    0.0000021100   -0.0011632600
   0.0017388000   -0.0009693600   -0.0013815000
   0.0017781600    0.0009839100   -0.0011123600
   0.1134683400   -0.0003869400    0.0000000000
  -0.0025624800    0.0002535000    0.0000000000
  -0.0000462200    0.0043330500    0.0000000000
  -0.0000717000   -0.0037738300    0.0000000000
   0.0003718000    0.0002772800    0.0000000000
  -0.0003250600    0.0002773300    0.0000000000
   0.0000013100    0.0010036500    0.0000000000
   0.0000020500   -0.0004575800    0.0000000000
  -0.0021831700    0.0005369300    0.0004011300
   0.0045283200   -0.0012664400   -0.0024395000
  -0.0000686100   -0.0007127000   -0.0001174700
  -0.0004389800    0.0009621500    0.0001433500
  -0.0021831700    0.0005369300   -0.0004011300
   0.0045283200   -0.0012664400    0.0024395000
  -0.0000686100   -0.0007127000    0.0001174700
  -0.0004389800    0.0009621500   -0.0001433500
   0.0050027200    0.0015388600    0.0024707000
  -0.0017114200   -0.0002567100   -0.0003951200
   0.0004060000    0.0009830100    0.0001217900
   0.0000162600   -0.0007001400   -0.0001493500
   0.0050027200    0.0015388600   -0.0024707000
  -0.0017114200   -0.0002567100    0.0003951200
   0.0004060000    0.0009830100   -0.0001217900
   0.0000162600   -0.0007001400    0.0001493500
  -0.0008572900   -0.0024272400    0.0000000000
   0.0010888000    0.0020951700    0.0000000000
  -0.0060714700   -0.0015120400    0.0000000000
   0.2809425500    0.0964469600    0.0000000000
  -0.0004418700   -0.0004491000    0.0000000000
  -0.0000317500    0.0001670300    0.0000000000
  -0.0012387200   -0.0005263900    0.0000000000
   0.0009191900    0.0003149800    0.0000000000
   0.0013397300   -0.0028263400    0.0069258200
   0.0011327200    0.0029566300   -0.0041439200
  -0.0002655000    0.0000032000    0.0011674800
   0.0062443600   -0.0003901100    0.0016102500
   0.0000211600    0.0000264500    0.0011565800
   0.0000202500   -0.0000258800    0.0011672400
   0.0000269300    0.0000000600    0.0011628000
  -0.0000246200   -0.0000004400    0.0011624700
  -0.0000168900   -0.0015684600    0.0002535600
  -0.0000148800    0.0010055400   -0.0002500200
  -0.0012998300   -0.0002691300    0.0000028000
   0.0023360200   -0.0002705500    0.0000175700
  -0.0000168900   -0.0015684600   -0.0002535600
  -0.0000148800    0.0010055400    0.0002500200
  -0.0012998300   -0.0002691300   -0.0000028000
   0.0023360200   -0.0002705500   -0.0000175700

9    
  0.0000000000000000   0.0000000000000000   0.0100000000000000
   0.0000000000   -0.0010368700   -0.0004240700
   0.0000000000    0.0000000000   -0.0000127200
  -0.0008979500    0.0005184300   -0.0004240700
   0.0008979500    0.0005184300   -0.0004240700
   0.0000000000    0.0010577200   -0.0004129000
   0.0000000000    0.0000000000   -0.0000150500
   0.0009160100   -0.0005288600   -0.0004129000
  -0.0009160100   -0.0005288600   -0.0004129000
   0.0000000000    0.0000000000   -0.2570172300
   0.0000000000   -0.0000026600   -0.0001152000
   0.0000023000    0.0000013300   -0.0001152000
  -0.0000023000    0.0000013300   -0.0001152000
   0.0000000000    0.0000000000    0.0002157600
   0.0000000000   -0.0000003800    0.0000155400
   0.0000003300    0.0000001900    0.0000155400
  -0.0000003300    0.0000001900    0.0000155400
  -0.0000346100   -0.0000199800   -0.0005441400
   0.0000346100   -0.0000199800   -0.0005441400
   0.0000000000    0.0000000000    0.0002318500
   0.0000000000    0.0000399600   -0.0005441400
   0.0000007000    0.0000004000    0.0001407200
  -0.0000007000    0.0000004000    0.0001407200
   0.0000000000    0.0000000000   -0.0001705500
   0.0000000000   -0.0000008000    0.0001407200
   0.0000000000    0.0000000000    0.0022958700
   0.0000000000    0.0002367900   -0.0000028100
  -0.0002050600   -0.0001183900   -0.0000028100
   0.0002050600   -0.0001183900   -0.0000028100
   0.0000000000    0.0000000000    0.0023441800
   0.0000000000   -0.0002399100   -0.0000029100
   0.0002077600    0.0001199500   -0.0000029100
  -0.0002077600    0.0001199500   -0.0000029100
  -0.0006329700   -0.0003654500   -0.0008421800
   0.0006329700   -0.0003654500   -0.0008421800
   0.0000000000    0.0000000000   -0.0012232800
   0.0000000000    0.0007309000   -0.0008421800
   0.0000213700    0.0000123400   -0.0011913400
  -0.0000213700    0.0000123400   -0.0011913400
   0.0000000000    0.0000000000   -0.0011186800
   0.0000000000   -0.0000246800   -0.0011913400
   0.0000000000    0.0001030000    0.0007634500
   0.0000000000    0.0000000000    0.0011768500
   0.0000892000   -0.0000515000    0.0007634500
  -0.0000892000   -0.0000515000    0.0007634500
   0.0000000000   -0.0004480700    0.0018546200
   0.0000000000    0.0000000000    0.0011599300
  -0.0003880400    0.0002240300    0.0018546200
   0.0003880400    0.0002240300    0.0018546200
   0.0002372700   -0.0001371300   -0.0000811200
   0.0002387300   -0.0001378300    0.0000084600
  -0.0001543700    0.0000891200    0.0853499300
   0.0002373900   -0.0001369200   -0.0000811200
   0.0002352400   -0.0001360500    0.0000304600
   0.0002359000   -0.0001361900   -0.0000018200
   0.0002352100   -0.0001358000   -0.0000486500
   0.0002354400   -0.0001357000    0.0000304600
   0.0000000000    0.0004411800   -0.0004710500
   0.0000000000    0.0000000000   -0.0011546900
   0.0003820700   -0.0002205900   -0.0004710500
  -0.0003820700   -0.0002205900   -0.0004710500
   0.0000000000   -0.0001067600   -0.0015920900
   0.0000000000    0.0000000000   -0.0011540100
  -0.0000924500    0.0000533800   -0.0015920900
   0.0000924500    0.0000533800   -0.0015920900
   0.0000000000   -0.0001782500    0.0853499300
   0.0000000000    0.0002756600    0.0000084600
  -0.0000001200    0.0002740500   -0.0000811200
   0.0000001200    0.0002740500   -0.0000811200
   0.0000000000    0.0002716000   -0.0000486500
   0.0000000000    0.0002723900   -0.0000018200
  -0.0000002000    0.0002717500    0.0000304600
   0.0000002000    0.0002717500    0.0000304600
  -0.0002068900    0.0000425000    0.0000072300
  -0.0001289600    0.0000744500   -0.0004978000
  -0.0003440100    0.0001986200    0.0000108300
  -0.0001402500    0.0001579200    0.0000072300
  -0.0002660000    0.0002303600    0.0000072100
  -0.0003443300    0.0001988000   -0.0005100800
  -0.0001265700    0.0000730800    0.0000100100
  -0.0003325000    0.0001151800    0.0000072100
   0.0001289600    0.0000744500   -0.0004978000
   0.0002068900    0.0000425000    0.0000072300
   0.0003440100    0.0001986200    0.0000108300
   0.0001402500    0.0001579200    0.0000072300
   0.0003443300    0.0001988000   -0.0005100800
   0.0002660000    0.0002303600    0.0000072100
   0.0001265700    0.0000730800    0.0000100100
   0.0003325000    0.0001151800    0.0000072100
  -0.0002372700   -0.0001371300   -0.0000811200
  -0.0002387300   -0.0001378300    0.0000084600
  -0.0002373900   -0.0001369200   -0.0000811200
   0.0001543700    0.0000891200    0.0853499300
  -0.0002352400   -0.0001360500    0.0000304600
  -0.0002359000   -0.0001361900   -0.0000018200
  -0.0002354400   -0.0001357000    0.0000304600
  -0.0002352100   -0.0001358000   -0.0000486500
   0.0006625200    0.0003825100    0.0014931300
  -0.0006625200    0.0003825100    0.0014931300
   0.0000000000    0.0000000000    0.0010951900
   0.0000000000   -0.0007650100    0.0014931300
  -0.0000207500   -0.0000119800    0.0011301800
   0.0000207500   -0.0000119800    0.0011301800
   0.0000000000    0.0000000000    0.0012044200
   0.0000000000    0.0000239600    0.0011301800
  -0.0000666300   -0.0002004200    0.0000072300
   0.0000666300   -0.0002004200    0.0000072300
   0.0000000000   -0.0003972300    0.0000108300
   0.0000000000   -0.0001489100   -0.0004978000
   0.0000665000   -0.0003455500    0.0000072100
  -0.0000665000   -0.0003455500    0.0000072100
   0.0000000000   -0.0001461600    0.0000100100
   0.0000000000   -0.0003976000   -0.0005100800

33   
  0.0100000000000000   0.0000000000000000   0.0000000000000000
   0.0002636800   -0.0004331600    0.0004507400
   0.0002491000    0.0004331200   -0.0004373900
  -0.0004937600    0.0000068100    0.0000159700
   0.0003759100   -0.0000037800   -0.0000068800
   0.0000559800   -0.0000823000    0.0001336000
   0.0000544700    0.0000826400   -0.0001380700
  -0.0000877100    0.0000003200   -0.0000026000
   0.0000660100   -0.0000014700    0.0000086300
   0.0013267100   -0.0029589400   -0.0006555100
   0.0011458100    0.0028232200    0.0006394600
  -0.0002645100    0.0000019600    0.0000006200
   0.0062462500   -0.0000573400   -0.0000054900
   0.0000237200    0.0000255300    0.0000210300
   0.0000199700   -0.0000265600   -0.0000212300
   0.0000292100    0.0000003800   -0.0000005700
  -0.0000233600   -0.0000032700    0.0000004700
   0.0106654100    0.0001389400   -0.0047332300
  -0.0022946700    0.0000063600   -0.0000044700
  -0.0000588400    0.0012895300   -0.0000128200
  -0.0000474800   -0.0012989600    0.0000034700
  -0.0000427300    0.0000001900    0.0000118500
   0.0000442500   -0.0000000300    0.0000005700
   0.0000007800   -0.0000257900   -0.0000162500
   0.0000007500    0.0000244900    0.0000243600
   0.0017728100    0.0009860900   -0.0000947600
   0.0017421500   -0.0009698300    0.0000862600
   0.0000703300    0.0000032500    0.0000003800
   0.0000642600   -0.0000405000   -0.0000045500
   0.0007812900    0.0003211400    0.0003835900
   0.0007784900   -0.0003206400   -0.0003861800
  -0.0000036700    0.0000039200   -0.0000005700
   0.0002232100   -0.0000036700   -0.0000004000
  -0.0228760700   -0.0000097700    0.0031533100
   0.0005619600   -0.0000004500   -0.0011680300
  -0.0000238100   -0.0003378700   -0.0010911400
  -0.0000271200    0.0003393100   -0.0012378700
  -0.0000090500    0.0000002600   -0.0011716100
   0.0000005200   -0.0000000300   -0.0011565400
  -0.0000004800   -0.0000007500   -0.0011504500
  -0.0000007100    0.0000006300   -0.0011773700
   0.0003091400   -0.0001010000    0.0008319300
   0.0003133900    0.0001042900    0.0014805500
   0.0001335000    0.0000037100    0.0011510000
  -0.0002056100   -0.0000002700    0.0011604100
   0.0000011700    0.0000285400    0.0010052200
   0.0000009300   -0.0000298700    0.0013084200
   0.0000516700   -0.0000005000    0.0011610100
  -0.0000433900   -0.0000004400    0.0011558200
   0.0003478600   -0.0001925900    0.0000182400
  -0.0008469300    0.0030920500    0.0006895400
   0.0013488300    0.0018182300   -0.0012344500
   0.0014123100   -0.0018286300   -0.0004954200
   0.0002185400   -0.0001250500   -0.0000176400
   0.0002431700   -0.0001419300    0.0000134200
   0.0002272800   -0.0001329700   -0.0000164000
   0.0002229500   -0.0001298300    0.0000081900
  -0.0000064400    0.0000800200   -0.0010984900
  -0.0000067400   -0.0000807800   -0.0012054800
   0.0001326700    0.0000006300   -0.0011564500
  -0.0001237500    0.0000005800   -0.0011503200
  -0.0000054400    0.0000801600   -0.0010373300
  -0.0000078400   -0.0000806100   -0.0012798400
   0.0001325500    0.0000014300   -0.0011610800
  -0.0001236500   -0.0000001400   -0.0011686200
   0.0044636300    0.0028579900   -0.0019243400
   0.0045687900   -0.0022541800    0.0019329900
   0.0000201000    0.0002715500    0.0000016800
  -0.0018149800    0.0002860200    0.0000015000
  -0.0000001600    0.0002547300   -0.0000305700
   0.0000011600    0.0002906500    0.0000294800
   0.0000058300    0.0002709700   -0.0000004600
   0.0000009600    0.0002736400   -0.0000009600
  -0.0005182100    0.0002328000   -0.0004904000
  -0.0008698300    0.0001769100    0.0000805400
  -0.0001755500    0.0000864600   -0.0000607800
  -0.0002892500    0.0001350600    0.0000168500
  -0.0009419300    0.0004615000   -0.0001698400
  -0.0004810500    0.0002175200   -0.0001365300
  -0.0002613600    0.0000779900    0.0000211000
  -0.0002284000    0.0001441800   -0.0000131200
  -0.0000836600    0.0000151300    0.0004619800
  -0.0003852200    0.0000985000   -0.0000701100
   0.0001778200    0.0001362400   -0.0000133500
   0.0003091100    0.0002087400    0.0000688700
  -0.0004717400   -0.0001907600    0.0001694700
  -0.0000046500    0.0000586100    0.0001327300
   0.0002390600    0.0001276000    0.0000118700
   0.0002099700    0.0001979900   -0.0000230400
  -0.0013103200   -0.0033040700   -0.0006805500
  -0.0001226600   -0.0000858300   -0.0000173600
   0.0009780600   -0.0021170500    0.0012530600
   0.0008985100    0.0016004000    0.0005015000
  -0.0002229400   -0.0001300400   -0.0000176600
  -0.0002483500   -0.0001490300    0.0000137900
  -0.0002376100   -0.0001403000    0.0000125100
  -0.0002469400   -0.0001447600   -0.0000125900
  -0.0063610000   -0.0000618400    0.0016243900
   0.0005400800   -0.0000012500    0.0011703200
  -0.0000058700   -0.0003157500    0.0010968400
  -0.0000081200    0.0003160500    0.0012400400
  -0.0000519000   -0.0000001700    0.0011488400
   0.0000195600   -0.0000005000    0.0011539300
  -0.0000003000   -0.0000124700    0.0011453600
  -0.0000006600    0.0000106700    0.0011640100
  -0.0001122700   -0.0002474800   -0.0000100200
  -0.0000567100   -0.0002746700    0.0000006300
  -0.0002968600    0.0003724200   -0.0001393300
  -0.0003019700   -0.0009310100    0.0001411100
  -0.0001421200   -0.0002702700   -0.0000012700
   0.0000196600   -0.0002765600   -0.0000021600
  -0.0001172600   -0.0000179800    0.0001549400
  -0.0001176500   -0.0005322900   -0.0001584200

33   
  0.0000000000000000   0.0000000000000000   0.0100000000000000
  -0.0000140400    0.0000081100   -0.0027260000
   0.0000140400    0.0000081100   -0.0027260000
   0.0000000000   -0.0000162100   -0.0027260000
   0.0000000000    0.0000000000   -0.0005508200
   0.0009266600   -0.0005350100   -0.0001146700
  -0.0009266600   -0.0005350100   -0.0001146700
   0.0000000000    0.0010700100   -0.0001146700
   0.0000000000    0.0000000000    0.0004146500
  -0.0054805000   -0.0031641700    0.0003170500
   0.0054805000   -0.0031641700    0.0003170500
   0.0000000000    0.0000000000   -0.0000769700
   0.0000000000    0.0063283300    0.0003170500
   0.0000089700    0.0000051800   -0.0000278900
  -0.0000089700    0.0000051800   -0.0000278900
   0.0000000000    0.0000000000    0.0000496300
   0.0000000000   -0.0000103600   -0.0000278900
   0.0000000000    0.0000000000    1.1357688400
   0.0000000000    0.0001446700    0.0007757800
  -0.0001252900   -0.0000723400    0.0007757800
   0.0001252900   -0.0000723400    0.0007757800
   0.0000000000    0.0000000000   -0.0008550900
   0.0000000000   -0.0000682500   -0.0006533100
   0.0000591100    0.0000341300   -0.0006533100
  -0.0000591100    0.0000341300   -0.0006533100
  -0.0001300400   -0.0000750800   -0.0004060300
   0.0001300400   -0.0000750800   -0.0004060300
   0.0000000000    0.0000000000    0.0000069800
   0.0000000000    0.0001501600   -0.0004060300
   0.0032184600    0.0018581800    0.0007072100
  -0.0032184600    0.0018581800    0.0007072100
   0.0000000000    0.0000000000   -0.0000000100
   0.0000000000   -0.0037163600    0.0007072100
   0.0000000000    0.0000000000   -1.1522860500
   0.0000000000   -0.0000859200   -0.0015033100
   0.0000744100    0.0000429600   -0.0015033100
  -0.0000744100    0.0000429600   -0.0015033100
   0.0000000000    0.0000000000   -0.0010548800
   0.0000000000   -0.0000207700   -0.0010139700
   0.0000179900    0.0000103800   -0.0010139700
  -0.0000179900    0.0000103800   -0.0010139700
  -0.0003192600    0.0001843300    0.0024344300
   0.0003192600    0.0001843300    0.0024344300
   0.0000000000   -0.0003686500    0.0024344300
   0.0000000000    0.0000000000    0.0012871800
  -0.0001568500    0.0000905600    0.0009145900
   0.0001568500    0.0000905600    0.0009145900
   0.0000000000   -0.0001811200    0.0009145900
   0.0000000000    0.0000000000    0.0007577500
   0.0002011200   -0.0001161100   -0.0000969700
   0.0004372400   -0.0025147000   -0.0020999300
   0.0023964100    0.0008786900   -0.0020999300
  -0.0019132800    0.0011046300    0.0006430600
   0.0002484800   -0.0001434600    0.0000953100
   0.0002484900   -0.0001192700    0.0001342900
   0.0002275300   -0.0001555700    0.0001342900
   0.0002366000   -0.0001366000    0.0000887800
  -0.0001143000    0.0000659900   -0.0007101800
   0.0001143000    0.0000659900   -0.0007101800
   0.0000000000   -0.0001319900   -0.0007101800
   0.0000000000    0.0000000000   -0.0009644800
  -0.0000537200    0.0000310200   -0.0006822100
   0.0000537200    0.0000310200   -0.0006822100
   0.0000000000   -0.0000620300   -0.0006822100
   0.0000000000    0.0000000000   -0.0009676400
   0.0019591700    0.0016360100   -0.0020999300
  -0.0019591700    0.0016360100   -0.0020999300
   0.0000000000    0.0002322300   -0.0000969700
   0.0000000000   -0.0022092700    0.0006430600
  -0.0000209600    0.0002748300    0.0001342900
   0.0000209600    0.0002748300    0.0001342900
   0.0000000000    0.0002869200    0.0000953100
   0.0000000000    0.0002732000    0.0000887800
  -0.0009775000    0.0005643600    0.0021163800
  -0.0002657700    0.0000494100    0.0000320300
  -0.0001756700    0.0002054600    0.0000320300
  -0.0002179200    0.0001258100    0.0000651800
   0.0021282300   -0.0012287300    0.0010987200
  -0.0015765300    0.0002730500   -0.0002307400
  -0.0010247300    0.0012287900   -0.0002307400
  -0.0002591300    0.0001496100   -0.0000474100
   0.0009775000    0.0005643600    0.0021163800
   0.0002657700    0.0000494100    0.0000320300
   0.0002179200    0.0001258100    0.0000651800
   0.0001756700    0.0002054600    0.0000320300
  -0.0021282300   -0.0012287300    0.0010987200
   0.0015765300    0.0002730500   -0.0002307400
   0.0002591300    0.0001496100   -0.0000474100
   0.0010247300    0.0012287900   -0.0002307400
  -0.0004372400   -0.0025147000   -0.0020999300
  -0.0002011200   -0.0001161100   -0.0000969700
  -0.0023964100    0.0008786900   -0.0020999300
   0.0019132800    0.0011046300    0.0006430600
  -0.0002484900   -0.0001192700    0.0001342900
  -0.0002484800   -0.0001434600    0.0000953100
  -0.0002275300   -0.0001555700    0.0001342900
  -0.0002366000   -0.0001366000    0.0000887800
   0.0000000000    0.0000000000    0.0188989500
   0.0000000000   -0.0000877200    0.0010614500
   0.0000759700    0.0000438600    0.0010614500
  -0.0000759700    0.0000438600    0.0010614500
   0.0000000000    0.0000000000    0.0014918600
   0.0000000000   -0.0000105300    0.0013527000
   0.0000091200    0.0000052600    0.0013527000
  -0.0000091200    0.0000052600    0.0013527000
   0.0000000000   -0.0011287100    0.0021163800
   0.0000000000   -0.0002516300    0.0000651800
   0.0000901000   -0.0002548700    0.0000320300
  -0.0000901000   -0.0002548700    0.0000320300
   0.0000000000    0.0024574700    0.0010987200
   0.0000000000   -0.0002992200   -0.0000474100
   0.0005518000   -0.0015018300   -0.0002307400
  -0.0005518000   -0.0015018300   -0.0002307400

33   
  0.0000000000000000   0.0000000000000000  -0.0100000000000000
   0.0000135000   -0.0000078000    0.0027503700
  -0.0000135000   -0.0000078000    0.0027503700
   0.0000000000    0.0000155900    0.0027503700
   0.0000000000    0.0000000000    0.0005179500
  -0.0008837900    0.0005102600    0.0000638800
   0.0008837900    0.0005102600    0.0000638800
   0.0000000000   -0.0010205200    0.0000638800
   0.0000000000    0.0000000000   -0.0003699400
   0.0055855600    0.0032248200   -0.0003291700
  -0.0055855600    0.0032248200   -0.0003291700
   0.0000000000    0.0000000000    0.0000743200
   0.0000000000   -0.0064496500   -0.0003291700
  -0.0000005100   -0.0000003000    0.0000241900
   0.0000005100   -0.0000003000    0.0000241900
   0.0000000000    0.0000000000   -0.0000498600
   0.0000000000    0.0000005900    0.0000241900
   0.0000000000    0.0000000000   -1.0422206200
   0.0000000000   -0.0001031400   -0.0007580000
   0.0000893200    0.0000515700   -0.0007580000
  -0.0000893200    0.0000515700   -0.0007580000
   0.0000000000    0.0000000000    0.0008001300
   0.0000000000    0.0000702100    0.0006228400
  -0.0000608100   -0.0000351100    0.0006228400
   0.0000608100   -0.0000351100    0.0006228400
   0.0001442400    0.0000832800    0.0004153800
  -0.0001442400    0.0000832800    0.0004153800
   0.0000000000    0.0000000000   -0.0000071400
   0.0000000000   -0.0001665500    0.0004153800
  -0.0030536900   -0.0017630500   -0.0006792000
   0.0030536900   -0.0017630500   -0.0006792000
   0.0000000000    0.0000000000   -0.0000018100
   0.0000000000    0.0035261000   -0.0006792000
   0.0000000000    0.0000000000    1.0545982800
   0.0000000000    0.0000785300   -0.0008439100
  -0.0000680100   -0.0000392700   -0.0008439100
   0.0000680100   -0.0000392700   -0.0008439100
   0.0000000000    0.0000000000   -0.0012558800
   0.0000000000    0.0000198600   -0.0013040700
  -0.0000172000   -0.0000099300   -0.0013040700
   0.0000172000   -0.0000099300   -0.0013040700
   0.0003274900   -0.0001890700   -0.0001275300
  -0.0003274900   -0.0001890700   -0.0001275300
   0.0000000000    0.0003781500   -0.0001275300
   0.0000000000    0.0000000000    0.0010384100
   0.0001535500   -0.0000886500    0.0013982000
  -0.0001535500   -0.0000886500    0.0013982000
   0.0000000000    0.0001773100    0.0013982000
   0.0000000000    0.0000000000    0.0015372600
   0.0002712100   -0.0001565800    0.0000925400
  -0.0000307800    0.0022535900    0.0020301300
  -0.0019670600   -0.0011001400    0.0020301300
   0.0023706600   -0.0013687000   -0.0006279400
   0.0002298800   -0.0001327200   -0.0000938900
   0.0002228000   -0.0001503900   -0.0001303700
   0.0002416400   -0.0001177500   -0.0001303700
   0.0002423900   -0.0001399500   -0.0000851900
   0.0001173600   -0.0000677600   -0.0016137100
  -0.0001173600   -0.0000677600   -0.0016137100
   0.0000000000    0.0001355200   -0.0016137100
   0.0000000000    0.0000000000   -0.0013588500
   0.0000577400   -0.0000333400   -0.0015918400
  -0.0000577400   -0.0000333400   -0.0015918400
   0.0000000000    0.0000666800   -0.0015918400
   0.0000000000    0.0000000000   -0.0013695300
  -0.0019362800   -0.0011534600    0.0020301300
   0.0019362800   -0.0011534600    0.0020301300
   0.0000000000    0.0003131700    0.0000925400
   0.0000000000    0.0027374100   -0.0006279400
   0.0000188400    0.0002681500   -0.0001303700
  -0.0000188400    0.0002681500   -0.0001303700
   0.0000000000    0.0002654400   -0.0000938900
   0.0000000000    0.0002798900   -0.0000851900
   0.0005262400   -0.0003038300   -0.0021890900
  -0.0002060400    0.0002254500   -0.0000256600
  -0.0002982600    0.0000657100   -0.0000256600
  -0.0002579400    0.0001489200   -0.0000638500
  -0.0024783100    0.0014308500   -0.0010409500
   0.0010339900    0.0000105200    0.0002150100
   0.0005078900   -0.0009007300    0.0002150100
  -0.0002157800    0.0001245800    0.0000435900
  -0.0005262400   -0.0003038300   -0.0021890900
   0.0002060400    0.0002254500   -0.0000256600
   0.0002579400    0.0001489200   -0.0000638500
   0.0002982600    0.0000657100   -0.0000256600
   0.0024783100    0.0014308500   -0.0010409500
  -0.0010339900    0.0000105200    0.0002150100
   0.0002157800    0.0001245800    0.0000435900
  -0.0005078900   -0.0009007300    0.0002150100
   0.0000307800    0.0022535900    0.0020301300
  -0.0002712100   -0.0001565800    0.0000925400
   0.0019670600   -0.0011001400    0.0020301300
  -0.0023706600   -0.0013687000   -0.0006279400
  -0.0002228000   -0.0001503900   -0.0001303700
  -0.0002298800   -0.0001327200   -0.0000938900
  -0.0002416400   -0.0001177500   -0.0001303700
  -0.0002423900   -0.0001399500   -0.0000851900
   0.0000000000    0.0000000000   -0.0143022300
   0.0000000000    0.0000804800    0.0012814300
  -0.0000697000   -0.0000402400    0.0012814300
   0.0000697000   -0.0000402400    0.0012814300
   0.0000000000    0.0000000000    0.0008554500
   0.0000000000    0.0000107000    0.0009823600
  -0.0000092700   -0.0000053500    0.0009823600
   0.0000092700   -0.0000053500    0.0009823600
   0.0000000000    0.0006076500   -0.0021890900
   0.0000000000   -0.0002978400   -0.0000638500
  -0.0000922300   -0.0002911600   -0.0000256600
   0.0000922300   -0.0002911600   -0.0000256600
   0.0000000000   -0.0028617000   -0.0010409500
   0.0000000000   -0.0002491600    0.0000435900
  -0.0005261100    0.0008902100    0.0002150100
   0.0005261100    0.0008902100    0.0002150100

49   
  0.0100000000000000   0.0000000000000000   0.0000000000000000
   0.0006198700   -0.0000970500    0.0039144300
   0.0001472200    0.0001087200   -0.0026310900
   0.0001634900   -0.0002005300   -0.0016123000
  -0.0000798800   -0.0000990600   -0.0000730000
   0.0006198700   -0.0000970500   -0.0039144300
   0.0001472200    0.0001087200    0.0026310900
   0.0001634900   -0.0002005300    0.0016123000
  -0.0000798800   -0.0000990600    0.0000730000
  -0.0006133700    0.0043556700    0.0000000000
   0.0013092900   -0.0022416800    0.0000000000
   0.2812392800   -0.0963230000    0.0000000000
  -0.0058110700   -0.0007190100    0.0000000000
  -0.0002036200    0.0008484000    0.0000000000
   0.0002071900   -0.0003066200    0.0000000000
   0.0011575900   -0.0004584700    0.0000000000
  -0.0010001400   -0.0001552400    0.0000000000
  -0.0010192500    0.0004895300    0.0000000000
   0.0067891400   -0.0000296000    0.0000000000
  -0.0015408200   -0.0118569200    0.0000000000
  -0.0063351600    0.0069980400    0.0000000000
  -0.0002906200    0.0001292400    0.0000000000
   0.0002911500    0.0000663200    0.0000000000
   0.0000546600   -0.0002647900    0.0000000000
  -0.0000502300    0.0000679200    0.0000000000
  -0.0002064800    0.0014014300    0.0000941900
   0.0001590100   -0.0008480600   -0.0001090000
   0.0047456800   -0.0013794500    0.0000943100
  -0.0019514900   -0.0001708200    0.0000275700
  -0.0002064800    0.0014014300   -0.0000941900
   0.0001590100   -0.0008480600    0.0001090000
   0.0047456800   -0.0013794500   -0.0000943100
  -0.0019514900   -0.0001708200   -0.0000275700
   0.0001123000   -0.0000562100   -0.0011979800
  -0.0010475900    0.0006830300   -0.0009857900
   0.0012430100    0.0045781000    0.0009090600
   0.0011516000   -0.0016826600   -0.0033448900
  -0.0000133400    0.0000093500   -0.0011523700
   0.0000119300    0.0000095200   -0.0011465900
  -0.0000032500   -0.0000178000   -0.0011671600
  -0.0000107700    0.0000046900   -0.0011632000
  -0.0003023000    0.0001109000    0.0004588200
  -0.0006229900   -0.0004545800    0.0011469400
   0.0000654500    0.0004418500    0.0012238500
  -0.0000583100    0.0000016800    0.0011825700
  -0.0007221600    0.0003356100    0.0034804300
  -0.0002411300   -0.0001789800   -0.0001253300
  -0.0000282000    0.0002057600    0.0003978400
   0.0000045700    0.0000106000    0.0011386800
  -0.3985047600    0.1571161600    0.0000000000
   0.0044077700   -0.0010238600    0.0000000000
   0.0018807600   -0.0024871300    0.0000000000
  -0.0005631100    0.0010647300    0.0000000000
  -0.0005128100    0.0002504600    0.0000000000
   0.0007420400   -0.0002997500    0.0000000000
   0.0005203900   -0.0004291800    0.0000000000
   0.0000691000   -0.0000015000    0.0000000000
  -0.0007221600    0.0003356100   -0.0034804300
  -0.0002411300   -0.0001789800    0.0001253300
  -0.0000282000    0.0002057600   -0.0003978400
   0.0000045700    0.0000106000   -0.0011386800
  -0.0003023000    0.0001109000   -0.0004588200
  -0.0006229900   -0.0004545800   -0.0011469400
   0.0000654500    0.0004418500   -0.0012238500
  -0.0000583100    0.0000016800   -0.0011825700
   0.0004145500   -0.0035179300    0.0000000000
  -0.0001931000    0.0016752500    0.0000000000
   0.0030860000   -0.0506498300    0.0000000000
   0.0016733700    0.0005914800    0.0000000000
   0.0000403900   -0.0003043000    0.0000000000
  -0.0000328200    0.0004952200    0.0000000000
  -0.0001956200    0.0005738800    0.0000000000
   0.0001841300    0.0003716500    0.0000000000
  -0.0004534600    0.0004555900    0.0000787100
   0.0000385400   -0.0005058000   -0.0000800700
   0.0008951500   -0.0000151200   -0.0002524700
  -0.0023729500    0.0010883600    0.0011572400
  -0.0004534600    0.0004555900   -0.0000787100
   0.0000385400   -0.0005058000    0.0000800700
   0.0008951500   -0.0000151200    0.0002524700
  -0.0023729500    0.0010883600   -0.0011572400
   0.0002426000   -0.0005244300   -0.0000367000
   0.0002497000    0.0004612100    0.0000824200
  -0.0018255500   -0.0000426200   -0.0008089500
   0.0013968900    0.0004887600    0.0002549100
   0.0002426000   -0.0005244300    0.0000367000
   0.0002497000    0.0004612100   -0.0000824200
  -0.0018255500   -0.0000426200    0.0008089500
   0.0013968900    0.0004887600   -0.0002549100
   0.0046688600    0.0010513000    0.0000000000
   0.1081002100   -0.0107361400    0.0000000000
  -0.0005001700    0.0006580000    0.0000000000
  -0.0004980900   -0.0014978700    0.0000000000
   0.0003545300    0.0001194900    0.0000000000
  -0.0007586700   -0.0002537900    0.0000000000
  -0.0002982300   -0.0000963700    0.0000000000
  -0.0002985400   -0.0003470400    0.0000000000
   0.0001123000   -0.0000562100    0.0011979800
  -0.0010475900    0.0006830300    0.0009857900
   0.0012430100    0.0045781000   -0.0009090600
   0.0011516000   -0.0016826600    0.0033448900
  -0.0000133400    0.0000093500    0.0011523700
   0.0000119300    0.0000095200    0.0011465900
  -0.0000032500   -0.0000178000    0.0011671600
  -0.0000107700    0.0000046900    0.0011632000
   0.0007371800   -0.0001718000   -0.0000105400
  -0.0010285500    0.0004920400   -0.0003027000
  -0.0001126500    0.0003203000   -0.0001355000
   0.0001118000   -0.0012238800    0.0002247200
   0.0007371800   -0.0001718000    0.0000105400
  -0.0010285500    0.0004920400    0.0003027000
  -0.0001126500    0.0003203000    0.0001355000
   0.0001118000   -0.0012238800   -0.0002247200

49   
 -0.0100000000000000   0.0000000000000000   0.0000000000000000
  -0.0005668800    0.0000763700   -0.0039593500
  -0.0001680100   -0.0001169900    0.0026358700
  -0.0001623500    0.0002107200    0.0015996200
   0.0000777300    0.0000916900    0.0000701600
  -0.0005668800    0.0000763700    0.0039593500
  -0.0001680100   -0.0001169900   -0.0026358700
  -0.0001623500    0.0002107200   -0.0015996200
   0.0000777300    0.0000916900   -0.0000701600
   0.0006128100   -0.0043898200    0.0000000000
  -0.0013137300    0.0022351300    0.0000000000
  -0.3044908900    0.1109713300    0.0000000000
   0.0058437300    0.0007319200    0.0000000000
   0.0002053700   -0.0008440100    0.0000000000
  -0.0002044100    0.0003098500    0.0000000000
  -0.0011524900    0.0004494400    0.0000000000
   0.0010012000    0.0001469300    0.0000000000
   0.0010293300   -0.0004812200    0.0000000000
  -0.0069587200   -0.0001392800    0.0000000000
   0.0012934700    0.0116092500    0.0000000000
   0.0063423300   -0.0071876300    0.0000000000
   0.0002902500   -0.0001265900    0.0000000000
  -0.0002911200   -0.0000661500    0.0000000000
  -0.0000529300    0.0002623800    0.0000000000
   0.0000480800   -0.0000700300    0.0000000000
   0.0002170200   -0.0014018900   -0.0000942500
  -0.0001719300    0.0008404200    0.0001098500
  -0.0047780600    0.0014203200   -0.0001190200
   0.0019448600    0.0001689700   -0.0000281700
   0.0002170200   -0.0014018900    0.0000942500
  -0.0001719300    0.0008404200   -0.0001098500
  -0.0047780600    0.0014203200    0.0001190200
   0.0019448600    0.0001689700    0.0000281700
  -0.0001144900    0.0000549500   -0.0011278600
   0.0011063100   -0.0006606300   -0.0014457900
  -0.0010860900   -0.0044016900   -0.0034476700
  -0.0011642400    0.0017538400    0.0009488400
   0.0000130600   -0.0000092300   -0.0011696600
  -0.0000118800   -0.0000105400   -0.0011719000
   0.0000040200    0.0000171600   -0.0011538600
   0.0000100000   -0.0000052700   -0.0011588900
   0.0003017100   -0.0001118200    0.0019470000
   0.0006347700    0.0004640800    0.0012216500
  -0.0000653200   -0.0004429700    0.0011115900
   0.0000575800   -0.0000030900    0.0011464600
   0.0006947600   -0.0003222100   -0.0011184100
   0.0002481800    0.0001843300    0.0024599300
   0.0000282900   -0.0002084400    0.0019207200
  -0.0000043500   -0.0000105000    0.0011813700
   0.4253461300   -0.1726537200    0.0000000000
  -0.0039611100    0.0007541400    0.0000000000
  -0.0014142900    0.0022228800    0.0000000000
   0.0010408100   -0.0013251000    0.0000000000
   0.0009739600   -0.0005162900    0.0000000000
  -0.0002799000    0.0000337600    0.0000000000
  -0.0000561200    0.0001593200    0.0000000000
   0.0003973200   -0.0002689100    0.0000000000
   0.0006947600   -0.0003222100    0.0011184100
   0.0002481800    0.0001843300   -0.0024599300
   0.0000282900   -0.0002084400   -0.0019207200
  -0.0000043500   -0.0000105000   -0.0011813700
   0.0003017100   -0.0001118200   -0.0019470000
   0.0006347700    0.0004640800   -0.0012216500
  -0.0000653200   -0.0004429700   -0.0011115900
   0.0000575800   -0.0000030900   -0.0011464600
  -0.0004189500    0.0040805800    0.0000000000
   0.0002058200   -0.0011226100    0.0000000000
  -0.0026947900    0.0514120200    0.0000000000
  -0.0016708400   -0.0000463300    0.0000000000
  -0.0000351300    0.0008480100    0.0000000000
   0.0000392000    0.0000470700    0.0000000000
   0.0002013200   -0.0000266300    0.0000000000
  -0.0001782700    0.0001786100    0.0000000000
  -0.0000099000   -0.0001896100   -0.0000766300
  -0.0005117400    0.0007762000    0.0000861300
  -0.0013579700    0.0002844600    0.0002528600
   0.0019241300   -0.0008290400   -0.0011555600
  -0.0000099000   -0.0001896100    0.0000766300
  -0.0005117400    0.0007762000   -0.0000861300
  -0.0013579700    0.0002844600   -0.0002528600
   0.0019241300   -0.0008290400    0.0011555600
   0.0002250800    0.0007981000    0.0000391500
   0.0002313700   -0.0001796300   -0.0000772900
   0.0023038800    0.0003188900    0.0008256100
  -0.0009229900   -0.0002063500   -0.0002542000
   0.0002250800    0.0007981000   -0.0000391500
   0.0002313700   -0.0001796300    0.0000772900
   0.0023038800    0.0003188900   -0.0008256100
  -0.0009229900   -0.0002063500    0.0002542000
  -0.0051493900   -0.0013610700    0.0000000000
  -0.1121162600    0.0109680400    0.0000000000
   0.0000228500   -0.0009355300    0.0000000000
   0.0000236200    0.0012308700    0.0000000000
  -0.0008243600   -0.0003964900    0.0000000000
   0.0002879700   -0.0000242100    0.0000000000
  -0.0001726200   -0.0001840100    0.0000000000
  -0.0001742900    0.0000661700    0.0000000000
  -0.0001144900    0.0000549500    0.0011278600
   0.0011063100   -0.0006606300    0.0014457900
  -0.0010860900   -0.0044016900    0.0034476700
  -0.0011642400    0.0017538400   -0.0009488400
   0.0000130600   -0.0000092300    0.0011696600
  -0.0000118800   -0.0000105400    0.0011719000
   0.0000040200    0.0000171600    0.0011538600
   0.0000100000   -0.0000052700    0.0011588900
  -0.0007418900   -0.0003750000    0.0000132500
   0.0010290000   -0.0010646700    0.0003306500
   0.0001082700   -0.0008639100    0.0001344000
  -0.0001193800    0.0006769600   -0.0002236400
  -0.0007418900   -0.0003750000   -0.0000132500
   0.0010290000   -0.0010646700   -0.0003306500
   0.0001082700   -0.0008639100   -0.0001344000
  -0.0001193800    0.0006769600    0.0002236400

49   
  0.0000000000000000   0.0000000000000000   0.0100000000000000
   0.0002866500   -0.0001655000   -0.0027438600
  -0.0003898100   -0.0002546900    0.0002408600
   0.0000256600    0.0004649300    0.0002408600
  -0.0000468500    0.0000270500   -0.0000286900
  -0.0002926700    0.0001689700   -0.0027786500
   0.0003962200    0.0002566600    0.0002648900
  -0.0000241600   -0.0004714700    0.0002648900
   0.0000467900   -0.0000270100   -0.0000254500
  -0.0000074100    0.0000118600   -0.0000813300
   0.0000079900   -0.0000046100    0.0000072300
   0.0009968900   -0.0005755600    0.0853561400
  -0.0000139800    0.0000004900   -0.0000813300
  -0.0000008800    0.0000045100    0.0000303900
   0.0000018300   -0.0000010600   -0.0000014500
   0.0000058200   -0.0000033600   -0.0000485300
  -0.0000043500   -0.0000014900    0.0000303900
  -0.0000025900    0.0000015000    0.0003396400
   0.0000062200   -0.0000215200    0.0075142000
   0.0000217500    0.0000053700    0.0075142000
  -0.0000345400    0.0000199400   -0.0021155900
  -0.0000014600    0.0000008400   -0.0003406500
   0.0000013000    0.0000010800   -0.0005140200
  -0.0000002800   -0.0000016600   -0.0005140200
   0.0000002600   -0.0000001500   -0.0003658200
   0.0001436900   -0.0003693200    0.0000068800
  -0.0001204400    0.0000695400    0.0000092800
  -0.0024292300    0.0014025200   -0.0005043600
   0.0003916800    0.0000602200    0.0000068800
  -0.0001498200    0.0003832500    0.0000068400
   0.0001201600   -0.0000693700    0.0000098400
   0.0024834600   -0.0014338300   -0.0005047900
  -0.0004068100   -0.0000618800    0.0000068400
   0.0000175500   -0.0000101300   -0.0012606100
   0.0006811400    0.0018317900   -0.0032204200
  -0.0012458100   -0.0015057800   -0.0032204200
  -0.0004920500    0.0002840900   -0.0005465200
  -0.0000163900    0.0000094700   -0.0010641200
   0.0000152200    0.0000263800   -0.0010269000
  -0.0000152400   -0.0000263700   -0.0010269000
   0.0000101900   -0.0000058800   -0.0010639900
  -0.0004652400    0.0002686000    0.0032974800
   0.0000739400    0.0001160800    0.0011980400
  -0.0000635600   -0.0001220700    0.0011980400
   0.0000151000   -0.0000087200    0.0012277500
  -0.0001697400    0.0000980000    0.0022375400
  -0.0001351800   -0.0001037200    0.0009326300
   0.0000222300    0.0001689200    0.0009326300
  -0.0000119300    0.0000068900    0.0011139400
  -0.0011468900    0.0006621600   -0.0373398400
   0.0002430300   -0.0001360200    0.0001119100
   0.0002393100   -0.0001424600    0.0001119100
   0.0002304900   -0.0001330700   -0.0001246700
   0.0002271500   -0.0001311400    0.0002612000
   0.0002355600   -0.0001355300    0.0000207700
   0.0002351500   -0.0001362300    0.0000207700
   0.0002309100   -0.0001333200    0.0000321700
   0.0001686900   -0.0000973900   -0.0001010300
   0.0001331000    0.0001027100   -0.0013753000
  -0.0000224000   -0.0001666200   -0.0013753000
   0.0000119100   -0.0000068800   -0.0012029400
   0.0004862500   -0.0002807400    0.0010108000
  -0.0000777200   -0.0001191300   -0.0011341200
   0.0000643100    0.0001268700   -0.0011341200
  -0.0000154600    0.0000089300   -0.0010950300
   0.0000047200    0.0002652000   -0.0003740400
   0.0000016400    0.0002755600   -0.0000504300
   0.0001459300    0.0001119100   -0.0280531300
   0.0000075200    0.0002767700   -0.0000503000
   0.0000031500    0.0002695500    0.0001588100
   0.0000026100    0.0002750100    0.0000244300
   0.0000021400    0.0002749200    0.0000557000
   0.0000035700    0.0002737500    0.0000240900
  -0.0001538800    0.0000888500   -0.0000049300
  -0.0003179500    0.0003772300    0.0000439300
  -0.0004856700    0.0000867400    0.0000439300
   0.0009144400   -0.0005279500   -0.0003178200
  -0.0003116900    0.0001799600   -0.0000059300
  -0.0001443500   -0.0001146500    0.0000431000
   0.0000271100    0.0001823300    0.0000431000
  -0.0014033700    0.0008102300   -0.0003321700
   0.0001579100    0.0003401300    0.0000070200
   0.0002753500    0.0001322700    0.0000073900
   0.0010450900    0.0000352000    0.0008179500
  -0.0000154200    0.0000291900   -0.0000184700
   0.0003149800   -0.0000661400    0.0000064300
   0.0001956600    0.0001470600    0.0000062300
  -0.0005948500    0.0002451800    0.0008349100
   0.0004967800    0.0002541600   -0.0000217200
  -0.0002273100   -0.0001366800   -0.0003740400
  -0.0000239600   -0.0001823300   -0.0280531300
  -0.0002378300   -0.0001392000   -0.0000504300
  -0.0002359300   -0.0001449000   -0.0000503000
  -0.0002318600   -0.0001375000    0.0001588100
  -0.0002370100   -0.0001393200    0.0000557000
  -0.0002368600   -0.0001397700    0.0000244300
  -0.0002352900   -0.0001399700    0.0000240900
  -0.0000171200    0.0000098800    0.0010652300
  -0.0006877000   -0.0018315200   -0.0009128400
   0.0012422900    0.0015113200   -0.0009128400
   0.0005059500   -0.0002921100    0.0018006400
   0.0000166800   -0.0000096300    0.0012579700
  -0.0000155500   -0.0000255700    0.0012941200
   0.0000143700    0.0000262500    0.0012941200
  -0.0000093300    0.0000053900    0.0012535200
  -0.0002156100   -0.0003068200    0.0000070200
   0.0004920600   -0.0009226800    0.0008179500
   0.0000231200   -0.0003045900    0.0000073900
  -0.0000329900   -0.0000012400   -0.0000184700
   0.0002147700   -0.0002397100    0.0000064300
  -0.0005097500    0.0003925700    0.0008349100
  -0.0000295200   -0.0002429700    0.0000062300
   0.0000282800   -0.0005573000   -0.0000217200
